03
05
05
05
05
07
05
05
0B
05
05
05
0B
05
07
03
05
05
03
05
07
03
07
07
05
0B
07
05
07
03
03
0D
03
03
03
07
05
07
03
03
05
05
05
07
05
07
05
05
03
07
03
11
0B
0B
05
05
05
05
03
05
07
05
03
07
03
07
05
05
03
07
07
05
0D
05
03
0B
05
05
07
05
0D
03
03
03
05
05
07
05
05
07
03
07
07
05
05
03
05
05
03
03
07
03
05
05
05
05
05
03
03
03
05
05
05
05
07
07
07
03
05
05
03
05
07
03
05
07
03
03
05
05
0B
05
05
05
03
05
03
05
03
05
03
0D
05
03
05
07
05
03
0D
05
05
03
07
05
05
07
03
07
03
05
03
05
05
05
07
05
03
0B
05
05
05
0B
07
05
05
05
07
07
05
05
05
03
07
05
05
07
03
07
03
05
07
07
05
07
05
03
05
03
05
03
05
07
03
0B
05
03
03
07
0D
05
03
0B
07
05
07
07
05
03
05
05
07
07
05
07
05
03
07
05
05
05
03
07
05
07
05
05
07
03
05
0B
07
05
0B
07
05
07
05
05
05
07
07
03
05
03
05
03
03
03
03
05
07
05
03
03
07
05
07
05
03
03
03
0B
05
07
05
03
05
05
05
0B
07
03
05
03
07
05
0B
0B
03
03
07
07
03
05
05
05
03
03
03
03
